2019
529816
511531.5
456790
339369.5
349558.5
739734
714886
372898.5
513216
692296
334756
313127
475352
343693.5
463943.5
303333
295566.5
349781.5
411955.5
295377.5
368857.5
226743
308610
686393
368173.5
465343.5
818958.5
473304.5
257552.5
330667.5
449237.5
580752.5
293289.5
418533
484987
478751
597012
463975
579393
335118
377540
400980.5
633023.5
582394.5
461997
694990.5
403608
612788
370837
475322
454026.5
533864
216964
353078.5
539219.5
523576.5
336367
585058
630854.5
264566
566616.5
614975
538924
315604
388481.5
201454.5
529284.5
342596
460011
326781.5
687652
385516.5
395896.5
439191.5
556120
295357
704711.5
669264.5
651618
579059
613227.5
445531
628925
291483
326537.5
343208
504746.5
282168
450974.5
462324.5
421539.5
532020
649735
513911.5
353021
268485
383185.5
487436
428132
571832.5
359838.5
440587
264890.5
299794.5
640055
231301.5
540053
251936
528764.5
403929
279852.5
352158.5
353089
478164.5
372869
502698
280340.5
299975
689923
425977
275140
566341
378008
380315
401757
593315.5
608105
257401
355425.5
610736
235621
250629
241556.5
369481.5
284345
599121
397404
294463
364785.5
368270
315423.5
515890.5
438454.5
293832
473622.5
717016.5
541600
425394.5
544764.5
538089
447892.5
419714.5
446279.5
367310.5
374282
501503.5
503185
503179
258005.5
409066
583040.5
216086
316540
421312
391426
523286.5
478281
472598
430093
751754
327681
544117.5
633214.5
238107
234982.5
646641
554491.5
405680
433023.5
232507
391168
675271.5
298198
237149
258361
444293
309205.5
410489
239467.5
400236
542696
197115
240583.5
398288
332709.5
630839.5
548107
394122
586647.5
241797
247512.5
232960
499834
520563.5
600349
282468.5
554512.5
577670.5
341538
312212
415997
585778.5
484816.5
499334.5
255660
425934.5
648151
588669
384721
427828
341534.5
188336
422388.5
526992.5
220041
333523.5
609541
559238
546696.5
275171
612086
504449
261056
583570
376609.5
321283.5
341828
558167.5
621157.5
315850
287551
374624.5
598272
316318
366259
572979.5
423295.5
230685
501556
276402.5
241960.5
331363.5
402579.5
445377
387258
184002
446778.5
401380.5
201077.5
593208.5
277386
256888.5
364374
396220.5
384569.5
551146.5
199188.5
642664
305671
560186
473345.5
436612
411760.5
537542
544277
403880.5
544249.5
362222.5
444632
232767
444087.5
312407.5
469420.5
330052.5
510783
678459
356179
229462
283336
585047
229896.5
464256
399691.5
387059
613655
254980
268044.5
544935
196608.5
219772.5
479120.5
256504
230964.5
477097
504121.5
477151.5
458426
457455
567096
461203.5
480674.5
402382.5
480135.5
228657
317266.5
371018.5
397716
316524.5
464209.5
286841
470132.5
450577.5
433722.5
291196
283253
547753.5
450100.5
431951
354576.5
394829
268376.5
178608
315490
578162
477992.5
333086
329381
415773.5
447042
255672
302030
195169
291033.5
228162
447288
389445.5
437880
306990.5
228149.5
302398.5
511355
619703.5
331118
495944.5
456029
355363
488462
495029
348377.5
354217.5
324449
374203
543788.5
217512.5
361105.5
422419.5
452131.5
319490
481380
228019.5
510881.5
237766.5
174289.5
554462
281968
307349
375754.5
246673
196942.5
526489.5
321910
434001
476954.5
314232
410468
281097
535689
338659.5
307773.5
225255
535602.5
248365
503836.5
326704.5
421464.5
657380.5
174564
345422.5
520264
341793
333249.5
558938.5
519792
428969.5
328488.5
428415.5
398233
467074
360174.5
277866
337596.5
340084.5
220728.5
450676
236422.5
166106
504723.5
249742
667168
416611
344721.5
190117.5
241500.5
319455
314835
453946
645688.5
474313
222972.5
318355.5
319624
265837.5
428027.5
245599
196113.5
451329.5
545493
242988
505426
276001.5
401894.5
468318.5
335625.5
187853.5
213210
261999.5
226552.5
315525.5
473896
414605
332770.5
422358
325277
464687.5
389287.5
504920.5
320938.5
225321
449120
637551.5
389091
301074.5
373952.5
248196
335928
455456.5
268182.5
242946.5
575036
286206
463645.5
200649.5
328937
584569.5
240854.5
478061.5
276446.5
266813
212761
491248.5
230219.5
552903.5
408876
463668.5
263697.5
343700
333296
416409.5
217059
354325.5
408259
445740
331863.5
453925.5
585502.5
296375
436321.5
219388.5
467390
166287
280454
420223
408344.5
172795
403249
331836
397888.5
255075.5
267869
407895
501091
435504.5
424828.5
463685
388240
464451
260627
250156
417805
340030
259604.5
361573.5
543660.5
172198
213985
274788
192722
643820.5
292640
500751.5
227978
397956
504429.5
187865
474742.5
177288
283694
165100.5
261057
447036
563348.5
188081.5
420032.5
490831
339419.5
315683.5
238055
286931.5
243582.5
521007.5
170283.5
562745
484155
388569.5
197919.5
405404.5
279466
422636
255859
311468.5
229234
464961
170208.5
315859.5
552336.5
512918
234982.5
522857.5
467277.5
306921.5
340644
436552
279865.5
456006.5
382198.5
373233
222347.5
226065
414977
551284
316313
270642.5
210268
331453
289248.5
357236.5
229507
410745
458580.5
423722.5
313830
522735
228845.5
532177.5
216650.5
475610
200782
275300
321139.5
394350
343469
461497.5
268644
216243.5
333553
368799.5
529985.5
542718.5
342686
234068
158361.5
357340
149811
302606
392564
611025
348377
167349
161764.5
288917.5
183658.5
215123
165326.5
530068
501832.5
404795
470653.5
345794
306812
301279
214282.5
206851.5
551498.5
444041.5
272654.5
163357
341544
376331
448087
194914.5
211585.5
400591
310011.5
263441
242621
194000
381125
381319
313880
210689
156176.5
293145
281314.5
333743
476200
208910
286937.5
383327
529851
641038
340240.5
368708
444761.5
289752.5
184577.5
218392.5
426097
409567
217091
395090
218570
508410
199862.5
161049.5
300390
273001
242508
193966
141249
313814.5
296931
251791
331649
410263
254126.5
241403
359447
353791.5
325202.5
363825.5
312331.5
160843
167176.5
270782.5
486817.5
274673.5
176392.5
298336
382595.5
373528.5
215854.5
331357.5
385385
144117
197368.5
406296
452600
472650
366015
401672.5
260230
348598.5
443933.5
209801
174747.5
286238.5
317215
149079
233338.5
681426.5
161645.5
408954
197952.5
134613
295009
204755
197697
458475.5
226234.5
192573.5
306719
508395.5
414733.5
152552
171151.5
628588
253657.5
251604
466697
248495
276303
371981.5
218017.5
313989.5
363759.5
319071.5
323606.5
254040.5
275663.5
337442.5
194764.5
230399
163381.5
397936.5
158169.5
286718.5
253060
332015
139710.5
462441
150762
160344
274880
158360
258415.5
246081
238550.5
365666
197390
149796
177604.5
371656
438762
427185.5
269394.5
188598
237100.5
302476.5
143732.5
345269
416231
385092
144293
166719.5
216280.5
172119.5
370005
292775.5
401033
364310
233477
379988
348472
439874.5
459036
333104
308939.5
400729
212527.5
471655
510547
242339
251578
252892.5
474528
124004
290166
462608
376325.5
375031.5
436504.5
450974.5
191461.5
406795.5
165241
156337
153107
262966
201692
542073.5
142032
285583
212690.5
611540
408151.5
214048
424630.5
483234
382928
157581
245630
240643.5
451234
225422
186835
131136
203385.5
145147
368501
171956
376515.5
363040
409736.5
223347.5
298854.5
237338.5
358085.5
359057
414534
465419.5
360548.5
382345
235031.5
155389
427839
253779
322603.5
124769
361226.5
184070.5
215397
175111.5
279058
234711
329840.5
291552.5
342207
187944
301095
285864.5
246462
397795
222388
147116.5
194817
195502
197130
284116
358566
195217
166198
192453.5
303301
319344.5
337499.5
459847.5
210759
176012
323526.5
198903.5
206810
229624.5
382236.5
472732
209348.5
166674
191873.5
336003.5
145035.5
162402
314211
175522
227787
367731.5
127731
456225.5
227147.5
363933.5
244334.5
245790.5
181933
388945.5
398394.5
344493.5
203815
278197.5
215691
368218.5
191424.5
438301.5
459488
214810
225521
195449
513146
147952.5
164995.5
339329
170053.5
153939.5
147197
197587.5
151021.5
200745
115367
261123
409758
353152.5
274214.5
153660
127082
207430.5
197553
242014.5
423680.5
277782
378602.5
149009
334675.5
272865
135189.5
233289
328407
333299.5
181425.5
246821
249201.5
312848
499270.5
277528.5
260213.5
279288
338747
387007.5
212772.5
229935.5
129573
118425.5
304371
207111
261831.5
316846
300374.5
323236
402336.5
133654
378781
299432
191807.5
397050
122658.5
254835.5
135106.5
121873
318510.5
481548.5
170862
264883
386488
254914
301385.5
185274
291698.5
452944
295712.5
296995.5
242849.5
195228.5
296786.5
276742
307338
292024.5
303709.5
443984
384566
153019
178575
201621
195872
279592
239399.5
137497.5
227307
348512.5
374403.5
278004
180873
443759.5
336058.5
282351.5
262368
104591
196492.5
388962.5
297883.5
328069
452966
299341.5
408919
118943
195984.5
360412.5
193538
319278
359648.5
212101
192990.5
185478.5
167547.5
131858
349408
164758
134100.5
145941
263737
120445
174490.5
151683
410863
141155
145035.5
131437.5
295750.5
263391
313779.5
321465.5
260010
318986.5
234231
204705
353327.5
200305.5
287384.5
420929
131419.5
237283
251165
176511
344670
171937.5
353130.5
116523
107713.5
131758
277395
115592
466474.5
300612.5
264436
313712.5
259533
320629
227842.5
345539
102981
387324
195381.5
233588
191764.5
243199.5
267910
222339.5
313040
271354
145249.5
194434.5
118873
297750
339772.5
396474.5
366183
256220
146842
328843.5
342912.5
320635.5
213594.5
210342.5
356230.5
318834
129408
209390.5
220211.5
314296
291629.5
105177
330100.5
224507
194997.5
102357.5
323081
157954.5
141412.5
206093
127072.5
99643.5
268606.5
406008
296856.5
155580
288351.5
180851.5
349971.5
137250
303438
317872
168295.5
329665.5
124468
443484
355940.5
214379
107618.5
275416.5
362069
263453
377262
141986.5
335552.5
228325
148819
156208.5
114761.5
272711
240888.5
194296
355417.5
389460.5
324563
300049
270212.5
442270
111883
232909
359770
261600
359615.5
267529.5
150011
146834.5
268682
98627
222580.5
203417.5
315612.5
204828.5
291831
223603.5
248108
231734.5
255148.5
177870
199399.5
163436
306062
267128
119011
235747.5
367654
382704.5
212143
109175.5
259964.5
174300.5
246078.5
286774.5
249464.5
131361.5
216198
227777.5
196090
247873
153525
122937
248830.5
199661
242391
171318
275633
254489.5
336913.5
217933
243662.5
360286.5
309782
246836
242553
173382
321523
257828
297096
389362.5
336910
215714.5
216350
147213.5
197657.5
179906
295137.5
338202.5
312353
246987.5
222728.5
230770
301527
284792.5
87365
254639.5
117042
182143.5
391793
346479.5
198564.5
177427.5
331223.5
80089.5
107716.5
346332
222882.5
366576
370569.5
258426
207392.5
206372.5
169045.5
269979
120442
193341
361692.5
92003
271718
321889
247501.5
111259.5
211751
139975
228075.5
245571.5
153255.5
159400
85534.5
129181.5
298173.5
189671
408681.5
99355.5
92140
326460.5
190606
274968
254951
137228
347740.5
315217
178711.5
237542
195354.5
349117.5
86184.5
150203
107669.5
255438.5
229222
307676
314028
235244
133046
322843.5
323476
179292.5
208262.5
398486.5
232712
226468.5
311388
425551
150399
346111
262003.5
211717.5
308464.5
149579
91731
324772.5
103452.5
228462
288747
166926
240816
107182.5
260378.5
223587.5
268222.5
130286
296283.5
137110.5
358531.5
203518
80368
180872
334930.5
377896
105951
134678
172415.5
187832
330571
241028
106805.5
331777
207651.5
315205
135314.5
130612
159537.5
95462
126393.5
423044
186623
195815
281414
185069.5
258337
250391
119616.5
240492
131703.5
154401.5
273109.5
180556.5
158015
195617.5
250656.5
287652.5
247747
135710.5
240111
249199
279944
243253.5
103579
274726.5
266471.5
166986.5
263668.5
124808.5
297040.5
306915
98645.5
154775.5
172500
278782
92793
257556
121737.5
178766.5
244796
147272.5
260500
85707
178221
312928
95278.5
303670
190007.5
94762
394090.5
143655.5
167116
139929
191958.5
186836.5
202905.5
257102.5
113917
82076.5
126446
280711
240747.5
187090.5
269439
237680.5
107786.5
208949
95663.5
150057
199940
225330
229444.5
153804.5
117799.5
205545.5
255687.5
168268
111546
110544
120733.5
257173.5
174102
69702.5
94473
228218.5
234506
225039.5
177171
120117
121042
260545.5
117105
207806
106332
192627
323526
149260.5
132941
390155
245210.5
169488.5
167186
125506
68182.5
177444
204226
251443
203812.5
178384.5
218194
148431
186108.5
207406
269099
237427
157316.5
96565
179687.5
186813
282456.5
225630
93944
241482.5
267416.5
177767
80757.5
151451.5
265372
74064
104624
260911.5
103393.5
188096
217270.5
253949.5
182127
256906.5
217217.5
177139
112765.5
226994
94035
94475.5
273867.5
256061
225012.5
190540
204886.5
187217.5
201509
63561
84628
349525.5
120905.5
127435
325807.5
298027.5
62196.5
148400.5
185524
211870.5
174462.5
156993.5
117112.5
239843.5
95933.5
363909.5
251879.5
142636.5
72592.5
204630
74829.5
118168
294241.5
203999.5
108073.5
213264
96787.5
195586.5
151140.5
172904
259318.5
105349
86206.5
221465
258222.5
211787
178625.5
138176.5
195628.5
321380
201646
190520
91881
200583
204774
60134
201715.5
57789
215364.5
71134.5
139663.5
129783
91323
123918
220647.5
179352
351994
196350
168243
160962
126178.5
233800
134906.5
131895
184844.5
95684
240755
53102
57116.5
281635
62635.5
259987.5
242659.5
136176.5
207654.5
310669
126714
331468.5
105369.5
175143.5
191768
77173.5
77397
158422
72426.5
183168.5
252591
106914.5
135383
198268
59827.5
283477
260520.5
148127.5
149548.5
45961.5
63432.5
124441.5
46866.5
97973
84406.5
50708.5
152716.5
253149
191080
89012
80389
117100
282253
122016
132498
158853.5
103466.5
130587.5
223582.5
187741.5
77161.5
123557
180314.5
93339
49059.5
294667
248905.5
245808.5
263178.5
49104
153253
250549
157189
108958
182286.5
98113.5
116942
167210.5
172956
134535.5
203967.5
191521.5
56235.5
98473.5
142277.5
138190
223251.5
72143
152055
237975
43315.5
262322
111441.5
56358
125835
268491.5
136482.5
292845.5
41968.5
233685.5
137854.5
79947
120724.5
50544.5
86718.5
186555.5
138821.5
79383.5
109775.5
166968.5
250845
58102
66161
166173.5
145782
212860
203346.5
263581.5
183532
213400.5
128375.5
210984
158966
186585.5
56890.5
136422.5
212180
186876.5
124872.5
227330
97228.5
184126
209355
118678
102485
95935
312272.5
60834.5
143215.5
189725.5
112500.5
99459
66386.5
60057
188594
73134
60222
213956.5
67334.5
64602
183146
241524
271937
147295.5
99306
129892.5
48192.5
175361.5
225799
66086
67639.5
69909.5
158957
159369
239720
39060
163473.5
120632.5
63212
86856
110498
86737
182590
203120.5
201669
105497
110623
283540
191198
119224.5
121735.5
154285.5
156551.5
221902
188249.5
108727
86450.5
138284
189305
184451.5
43392.5
145008.5
62756.5
51951.5
152679
46583
86468.5
86390.5
90517.5
52803.5
71726
173683
68011
49487
139885
55395
308046.5
74025
97503
285768
185515
124118.5
48791
101277.5
121328
255564.5
239773
53274
202700.5
131335.5
32666.5
53476
102057.5
45771
118913.5
42248
85236.5
157659.5
133608.5
141693.5
105083
238084.5
95946
262367.5
166656.5
187201.5
53645.5
158411.5
212189
109270.5
221767
62955.5
81969
260899.5
233359
50262
180002
112355.5
167321
121145.5
172498
84988.5
172496.5
216696
34125.5
50530.5
150962
92651
155521.5
144378
116853
71060.5
235092
115129
179111.5
144494.5
141504.5
68091
128671
164021.5
182947
57250
121178
159275.5
63405
188253
272699.5
203131
211668
163291.5
101008.5
158155.5
169261.5
103834
178244
153644.5
118221.5
152325.5
34589.5
154516
50958.5
72082
139955
146681.5
130710.5
88960
48239.5
110559.5
107695
151114
46909
136467.5
106284
100160
129507.5
37749.5
48715.5
23392
96492.5
69078
175420
34422
30450.5
138742
150281
189983.5
253627.5
59921.5
176269
186971.5
168331
158744
206331
45910
186847
73916.5
49516.5
88599
132757.5
100752
167893.5
41294.5
92983
96930.5
174819.5
97673.5
96923
95741.5
56380
166199
65315
74853
58033
59571.5
66998.5
186573.5
43035
79834
134253.5
90616
73914
49998.5
178724.5
136145
50318.5
187225.5
162615.5
156695
29952
255243.5
83769
36756.5
30883.5
93180
170066.5
59487.5
129181.5
75504
136980
95552.5
50678
263428
97410
145237
42195.5
17567.5
17498.5
121603.5
67480.5
103951.5
93020.5
216618.5
29469.5
80541.5
106725
46627.5
114740.5
28002
68027.5
53409.5
84106.5
160272.5
44604.5
29100.5
61098
29353
65903
150392.5
173060
13129
117252.5
18832
11331.5
154194
45671
119320.5
79932
158612
55287.5
171282.5
45195.5
19321.5
164994.5
30898.5
143491
67003.5
116800
57170.5
31114
50092
110046
25573
36099.5
106331
73761
98523.5
5084.5
88176.5
76447
73762.5
166282.5
19625
99596.5
115817
60371.5
41527
88346
68199.5
70725.5
60080
110335.5
188424.5
121512.5
168625.5
67147.5
194555.5
126264.5
58888
128731
120004.5
179106
24887.5
66103
49799
175491
50478
77246.5
107908
41608.5
87238.5
103807.5
183641.5
181315.5
82522.5
164164