2019
123888798.5
157223343.5
97804325.75
56148975
58968496.5
161377576.75
137947919
109632329
154395980
149220545
66906230.25
39005170.75
144053949.25
74293347.25
117429652.25
62812649.25
78838716
85463749.25
105445080.5
82786802.75
67588264.25
45904432.25
42138208.5
171604557.75
47885188.25
73789149.25
199487816.75
109147681.75
36064515.75
84046715.5
79387665.5
97975930.25
44814859.25
75253886.75
112973971
146025648.75
100576071.5
116919578
175651503.25
71796138
56053965.75
98888254
154100293.25
113891638.25
99070042.5
182451841.25
106530553.75
125977947.5
67910603.75
67178127
86535957.5
95804149.5
32609629.25
61890706.5
92859225
176495540.5
70441995.75
119587207
107962963.25
47583796.75
139288650.5
129830027.25
111410113.25
58109984.75
120288034.25
34161316.25
100454932
46231967
125691826.5
54357446.5
169186065.5
97867687.25
89927151
73986695.25
126967777.5
41237638.25
217818620.5
106552785
122421721.5
116371346.75
179916329.75
64321550.5
124767098
47026522.5
42503018.25
50250060.75
102425770.5
53019198.5
144154452
76615507.5
122234277.25
150180748
120852212.75
66889607.25
78887644.5
70123257.75
109784933.5
91563623.75
67551292.75
95611635.75
110488327
124619768
78580007.75
56074941
112712829.75
77652091.5
100330259
35822970.5
82327206
100963225
53431742
108427561.75
81435346.75
138927479.75
53961145.75
148988756.75
44259651.75
92261022
152044106.75
105570580.75
56903746
117696223
119096540.75
143735636.25
90805104.5
170140193.75
196220819.75
49273408
81447661.75
119939227.5
58027680.5
69958646.25
45584744.75
94411048.5
76285491.25
175688304
127138482
86070754.75
54626166.5
95329799
69022438.75
154607057.5
64571892.5
82687722
138444324.25
258716437.25
154641505.75
137024682
116723634.25
119086040.5
134735471.5
132139275.25
157580693.75
111840753.5
99907049.75
117487113
126812384
158493267.75
61451626.75
56702304
145453661.25
35910457.75
88575518.75
90590385.25
93157177
104960145.25
120681938.25
123416940.75
121009044.75
216991760.25
46513438
102488241
106360762
69553873.5
69406440.75
159872273.5
145192499.5
54322355.25
61723688.75
46251775.25
71716472.75
141182966.5
55127154
43906168.5
31030654
71360353.25
71439583.5
115328395
29787229.75
121818634
136905130.25
53958156
62704308.75
66389868
56671727
132497054.5
143072933
62683309.75
212847749
53136418.25
38705380.75
33547031
101217018
137431247.5
119273536
58566310
90960004.5
149766184
70208467.25
62474446.25
84222047
114585477
83112973.25
89806548.75
43699818
99052923.25
97779416.75
177145282.5
109348436.75
128993533.5
92381747.75
30527782.75
72769039.5
87663962.25
58940439
88805904
152417862.5
87587745.75
111823181
62876158
156804577
105333134.75
82087046.25
140083081.5
68991466.5
76326181.5
55463576.25
185493253.75
132726277
53407044.5
94217849
81592648.5
88008452.5
92224052.5
76389289.5
164887851.25
104566728
32381184
95527353
70374707.25
65151290.25
94641670.5
69686811.75
105380783.25
57991658
40105794.5
117951298.75
95661272
56765959
95267380
81847477.25
35453410.25
113857381.5
95374019.75
95756416.75
151665630.25
54373718.25
96304581
47769528
127272204.25
68040920.5
120210464.5
66313022.25
180600809.25
109354407
77949893.5
114993038.25
64949076
65550870
32975738
125952659
41176495.5
81098983.25
84352428.25
115893508.25
160208591.75
68881935
32021653.75
47782120.5
87820461.5
35775685.75
104015065.75
110538580
116503013.5
119370440.25
70873659.75
45055043.5
143914783
29232912.5
81167043.75
144626126
57460536
57704671.75
88876263.25
154297448.5
134912158.25
140979036.25
69410375
174814372.5
120767662.5
85436708
92833761.25
86810684.5
29812802.25
41974246.25
87942442
73057690
84667842.25
86313336.75
62145789
139416538.75
91019867.25
120855681
83247279.25
78754184.5
120783853
76121889.5
101008753.5
56673451.25
134946129.25
47371222
19264307
61346952.25
113740951.25
79498355.5
90054329.75
98524888.75
60270113
83436983.75
50685012.25
86326638.75
27630639.5
60634338
38542947.75
89256967
120079164
132140846.25
92185181.5
63939518.5
72659588.25
120385840
102104743
98287793
131651629.25
129928549.75
83975456.75
97367945.75
107191788.5
56176698.5
119286764.75
85926982
84651631.75
124923216
60693215.25
62773090
139576621.25
111903892.5
92241373.25
109602121.75
52342417.5
183054861.5
57780687.75
63762678.75
142841837.25
65382114.75
97093565.5
89837968
79001689
32648373.75
191159241.5
49831850.5
123270631.75
117217885.75
65553439.25
127590078.25
73259056
122520629.75
108035448
78293901.25
31072155.75
156892731.25
56499469.25
142943264.25
104581375.25
133864833.75
115549206
58059112.5
64370664.25
144694796
60294296.75
101770973.75
138473838.5
143339746.25
142657701.5
59642165.75
116764376
60600962.75
66461412.25
108689289.75
67803359.75
69971712.25
114034441
63193195.25
132057948.25
61753707.5
70590396
99917872.75
60267823.25
92607333.25
90501279.5
120312271.75
72521047
58338284
46136398.25
78247290.5
117062555.25
96207222.5
69681658
36868413.25
43788561
81662601
42930231.75
75552204
51630239.25
25132577.25
151012423
100927661.75
45080948.25
128984776.5
60885709.75
117745167.5
90092212.25
64950128.75
51307775
38826275.5
71752166.25
62803208.25
61433867.75
105857940.25
113548569.75
96055519.5
79880690.75
50228893
130887444
74320435.25
119058349
79834033.75
54386272.25
79792480
184051555.5
117415622.5
80009744.25
114448320.75
88078306.25
83200409.5
99517305.75
35872950
77546137.5
132564535.75
63498222.5
62951945.25
54468146
102171832.25
169800116.25
43449232.75
104452690.75
74181431
52089312.25
54508321.75
105362990.5
63437307.5
137729925
69177992.25
144116915.25
49619896.75
90320346.75
80075862
130647540.25
32207389
71409366.5
113253413.75
77913159.75
69564272.25
80454564.5
162419162.75
72223603
120807385.5
35903037.5
122710536.25
20084762.25
69468821.5
66120266
76450154.75
23228872.5
100629332.25
66101428.25
124507648.5
68788826.25
34732931
125513484.25
97135503.75
69239536.25
74195104
85634602
51627817
90373925.25
40659641.5
31736947
122766357.25
78643738.5
56416104
60676577.5
99973144.75
58658142.75
42870121.5
81094239.25
30858003.75
230072177.25
45378166.25
80104282
61381243.75
80426033.25
183170206.75
41645021.75
99790790
53946464.25
78220607.75
35088010.5
67290740.75
124606918.75
164743690.5
53466841.25
101079868.5
78689281.25
44648482.5
64280707.5
51635694
49621497.75
51818343.25
131613271
34222921.75
125229158.75
123695724.25
59782825
70247080
76742912
110566314.25
86402972.5
51006382.25
111052320.75
78520460.5
94764091
51999047.75
51035332.5
117091436.5
81700340.25
59204311.5
150002736
125849271
48159057.75
84637756.25
83320362
54075020
92381435.5
62373111.75
129816281.75
69918801.5
56368639
73099705.75
122974168.75
73695416.75
69105594.75
25670749
79326379.5
65330493
84239139
38399263
57834324
68769579.75
82468775.5
93135970.25
162225321.5
66637389.25
142375381.75
56948527.5
138180118.5
31935495.5
106617479.5
97209632
105281244.25
131829187.5
103901463.5
69440425
45351545
105684279.75
69715655.5
140280615.75
131222192.5
96591194
38527212
44869876.75
75878577
41793962.5
54243438.25
107550188.5
191404783.25
60031266.5
36315012
46231518
69079266.75
42503419.5
45342925
43935238.75
115496742.75
173020208.5
72898702
94562242.5
76388395.25
106216596.5
64300700.25
32580960
53614866
147793164.25
97513764
77479259
21964207
78646480
97732824.75
123185338.75
72022481.5
32568573.75
94715538
94065629.25
42879121.5
47246071.25
27792577.75
56566060.75
96012343
83564371.5
40420160
62190629.5
47989374.5
42795476.25
55462729.25
133506027.75
67226725.75
93013471
102165107.5
136361623.25
163912510.5
86191669.5
68225224
111021429.5
53625135
52668476.25
53726989.5
70034179
111475086.25
26318027.75
65305725.25
37044567.75
88745098.5
33073248.25
33050701
89738142
51891861.25
49535623.25
38969273.75
24847665.25
96681589.75
92132078
44680180.25
82549347.25
65884627.25
50920764.5
58826427
114045121
62240177.75
70927056
64125453.25
95645434
37211640.75
21445739.25
68727025.25
95737065.75
55144693.5
49455564.75
47814988.5
122854867
127276986.75
56900660.25
73190155.25
132227858
16307955
61119881
135893706.25
88542061
127472841.25
94619508.5
65374873.75
40760707.25
116175952
70797474
63826849
52410456
78247718.5
54333300.75
19043395.5
30757961.25
192041298
45101503.25
124996424.25
30403442.5
24994611.5
101882177.5
51353370.5
29428853.5
146444106.5
39206181.25
64278535.25
66018472.25
122241363.75
66868717.75
23333575.25
56805501
160118611.25
61667861
93269218.25
152753495.5
79695608.25
101447858
71276544.25
44826753.25
66106116.25
56325785.5
127343165.25
64826222.75
54943402
97079762.5
85365439.75
57828261
63085746.5
49384988.25
110552602.5
28523945.25
51500094.75
63189157.25
54510175.5
33815647.5
112486450.25
48965597.25
26759603.75
87268961.75
44598494.5
78835290.75
47868808.75
60150922.75
109619871.5
30128851.25
53935346.25
55131152.25
70777071
114106884.75
84599380.5
50116775.75
74010023.25
64312663.25
54630653
15187623.5
128432984.25
107558334.25
172923048.5
26210357.5
39530565.25
30963940.25
56398107.75
117191084.25
42159779.75
98692485.25
56442454.25
56120807.25
105876063
70720236.75
90728411.5
82744248.75
91924366.5
85640888.5
101485064.75
35812390.5
124593734.5
130959714
63954745
106649179.25
43766226.25
120810278.75
41477069.25
83400915.75
111945172.5
112838257.25
147946042
161299292
186705832
63175256.75
66452110.25
44403069
20096233.75
45198315.5
53043616.75
54778143.75
85276266.75
35102085
51685285
24870367.5
143636883.5
116127965.25
60120489.25
72140086.5
146209934.5
81770179.75
28192948
86264504.5
96747559.25
99009338.25
70479441
45168463.5
27971976.75
27676208.25
54916085
83086228.75
55999782
81452414.5
87614577.75
86753204.25
63905488.25
55037237.75
67086513.5
120983867.25
76597479.75
95446160
106458867.25
98838755.25
113631363.25
46198426
45531091
130135739.5
40146214.5
132354816.5
51583411.25
106243716.75
52298328.25
66889365.75
29038427.5
75094274.25
38801381.25
107062362.75
80787757.75
123311039.5
49631840.25
58464404
91039241.5
71890473
82339989.75
74228563.25
40264204.75
76209108.25
51639169.75
31414413.25
73411307.25
71555404.5
55581619.75
34672867
52816821.25
69521795.25
103967165.5
111466912.25
152089863
29877592.5
60099226
106263612.25
40267367.25
42586628.5
68373685.75
56209718.5
96032828
67149429.75
19374102
53010781.75
112043578.5
33249610
29176497
85234971.5
27880170
40465377.75
69701648.25
21897276.75
163076458.75
65431745.25
90686785.75
68612506.75
87366673.5
42809371
63415011.5
123912148
93276666.5
62872148.25
68529073.25
80843916.25
92916328.5
53838166
74886520
110878172.25
46062283.75
58597620.75
52293445
125201769.25
19577706.5
37193883.25
96708827.25
56176361.25
61962716.5
33534292.5
49089666
37648791.75
67423604.5
35629106.75
95773506.25
85973761
92633639.5
57276171.75
40333620
40045840
73139307.25
37966861.5
79172149.75
124940657.75
81359292
117489324.5
31397149
56152813
94110343
43233082.5
44476048.5
107609769
62013069
52117726.5
53611077.25
59454857
104297465.25
143838754
75969998.75
58214222.75
99513200.25
105250190
112471596.25
52987836.75
50955595.5
35765891.25
36243547
92579163
64345709.75
50911652.25
72571759.75
69453831.75
64931235.5
115341771.75
56039622
110445755.25
47382749.5
59300694.5
94007355
21370813.75
82281272.75
47320247.75
15677009
73895066
88667252.5
42189095
97669973.75
86092243
59079285
78726966.5
56105903
93799217.75
73908144
90285020.75
82763255.75
57977980.75
60091621.25
97666747.5
122718088.75
69510204.5
44838576.5
96203405.5
146977757.5
115526264.5
47327245.5
42858386.25
46414356.75
46124035
60964686.75
51972261.25
26445606.75
53279324
80145532.25
63267744
100943073.5
56738151
80763257
80784047.5
76211906
63486307.25
15620515.75
47779896
74134662
67194008.25
102799322.5
94620961.25
78485867
119699506.5
18661980.75
42796277.25
73454393.25
57060902
121317626
77822541.5
61663747.75
50021993.5
47137219.25
28310112.25
42481403.25
70629593.25
46361060.25
59970439.25
55941010
89546473.25
47161569.25
27171956.5
40254718
127555860.5
22152647
60445385.25
21421442.25
86180355.75
83108292
77677558.25
122881749.75
73213528.5
92365711
65189440
56143026.25
77743216.75
55843104
110672509.25
75505546.75
54693808.5
52417337.25
49092346.75
34772534.5
70237658.5
47904674.25
113843023
21559569.5
38526459
40687728.75
98238895.75
21899378.25
134773187.25
55127712.75
48302468.5
91965821.5
93232502.5
92741729.5
77181023.75
92238612.75
36572367.75
109748819.75
66876096.25
90473560.75
59149959.5
74289700.75
99618435.5
81368661.5
116247431.25
53345585.5
45172035
66848423
49274596.75
66088566.75
57985386.5
81304460.75
77036340.25
52020660.75
50637333.5
85813501
72302348.5
53511583
68180732.25
60439415
69614822.5
76201449.25
53460792
51649757
57169906.5
61574203.25
44939080.5
42160684
102313474
49239906.25
34222770
16794728
94536257.25
57895611.75
35336782.5
35372265.25
30244036.25
26221461.75
99129035.75
101512918.25
73952948
69569826
91000187.75
64123541.75
62529482.5
44598821.5
92315235
98035873
29053052.75
78681752.25
61502305.25
137718623.75
95651014
60075672.25
46059221.25
81364710.5
95349630.75
81660906.25
90691415.5
35307617
93962023.5
55483179.5
33026967.75
47555738
39774287.25
68098817.75
60499266.75
37730024.5
92174177.5
80450670
63561467.75
124003736.75
59928837
122876140.25
25661948.5
68977947.5
84498605.75
88624751.25
95322628.75
81466559.5
20959822
57732827.5
62576337.25
30534397.75
47811305.5
68254941.25
50250746.75
36491844
55956184.5
66850830.75
44888331.5
52023388.5
111686452
36881050.25
37486677
36904395.5
65386069.5
63983418.5
52733171
66069941
123248238.5
77294335
49181180
38619522.5
54454880.25
49381254
100548659.25
66151650.25
77869738.5
25386078.25
48301294.25
59778368.25
33704634
77953448.5
22361705.75
39694318.5
56610169.25
46658628.5
62033187.25
46341756.75
54054388.75
58669208.75
76820811
43340938.5
99521450.5
143819467.25
88940892.5
89508919
96631799.5
43607753.75
57151340.75
83013294.25
79724763.25
109252892
81075454
71985171.75
52317289.25
23740787.5
86110357.25
75155831.25
61698833.25
77902779.25
101057249
58695972.75
56702844.25
94144159.25
54953556.75
71500942.25
28879381.75
45803124
20056930.5
57336603
67352909.25
76953258
68343467
73081617.5
86988048
17980595.25
19575905.5
68112627.75
73365713.5
89228104.75
93421283.5
82096606.75
64828124.75
54690801.75
25398947.5
108387529.5
43812361.25
59519888.5
71817731.25
20947713.5
75237836
106917551.75
85190293.5
14869851.75
37259794.75
41954490.25
71834766
82374685.25
34629135
56145545.5
16535619.75
27909278
96767832
53978891
82220571.75
21355093.5
33202797
96027893.5
31887927.75
68641293
55533814
57402634.25
78775320.75
109835051
68010116
80571514.5
42801855.25
79847661.75
14961269
30846126.75
18022104.25
76081655.75
69919031.25
69534168
119082268.75
82714366
35626511.75
68181988.5
107127519.25
39314945
62184809.75
111430299.25
40819527.25
44756917
97531890.25
96475932.75
42909801
152098964.75
40133198.25
38865137.5
83036967.5
38188587.75
25212716.25
71234092
43069871.25
41769376.75
61714825.5
57245943.75
80170423.75
23626443.75
69748536.75
77928064.75
122896720
20312931.75
74491560.75
53313395.75
75226593.5
45734849.75
35916008
50697312.75
93563409.25
82297416.75
40228181.75
40826148
30753332.75
73143439.75
118784260.25
40292548.75
19945054.5
115687519.75
36844939
91789308.75
40895739
50274116
53449916.5
14343184.25
20449272.75
129673016.75
50449953
67026690.5
93263233.25
69392327.25
60414747.75
49917686.75
57579710.25
94264332.5
40733220.25
31882529.75
77057747.5
41572312.25
32207139.5
50337433
49059321
76238972.25
53528133.75
39899603.75
61073739.5
92174798.5
71146893.5
78518138.25
18885918.25
70194163.75
70311851.5
45447853
72573988.5
30987110.75
77119870.75
65947583.5
30737772
41649721.25
39963588.5
78524274.75
57180906.75
60809758.5
30333918.5
39283153.25
43802267
63591471.25
79354065.75
43459469.25
44020399.5
73764734.25
22363944.75
77152959.25
37688697.75
27752584
92357773.75
35718213.25
45055443.25
21968929.5
59005620.25
40224085.5
53788643
70053697.25
21574553.25
20785559
58236921.25
97444247
44768844.25
37713324
95592054.5
87378144
33353777.5
70972115.75
33231784.75
54528313.5
84717102.75
74761637
58957357.25
47953970.25
49941578.25
42897682
72218147.5
28748067.25
36001502
33616351.25
47150762.75
79264188.5
55475372.5
35373237
43488877
70555658
52701873.5
42648786.25
53963484.25
33542250.75
40666596.75
82592392.5
26958010.25
33812973
27682414.5
48393843
97278964.25
40168547.25
40806342
130283347.75
47964806
57559671.75
56466235
40965929.25
36910887
76328384.5
42825086.5
99460485
51011495.25
41178788.75
56282471.25
28833487.5
67870496.5
48461240.75
83742601
82618885.25
74084195
27481120.5
48005567.5
42510637
115301920
63819425.5
42051248.25
71361504.25
88564416
32805043.75
23788546.25
62866223.5
108335610.75
11411688.25
31046202.75
78023484.5
42595159.5
56762202.25
69101339.25
103225978.75
41284406
73779860.25
97679824.25
79877801.25
25975637.75
46537948.75
22303259
24020177.5
121041124.25
60466651
67387408.25
66513268.5
61989665.25
46917081
82442196
33121860
25746677
57596154.25
39144211.5
25627483.75
115056757.75
88297367.75
15334206
25494805.5
47329743.25
72728109.75
32615780.75
49842913.75
32348976.5
66218850.25
38947017.75
96207495.75
85075164.5
37242037.5
27918258
60157209.75
18502004.25
38239990.75
72407615.75
75625104.75
21428256.5
82479345
23403780.25
69031507.25
57658785
61139902
53402239
31076169.5
29619124
66407153.75
59218854.25
70672255.25
47919574
48674049.25
70378595
94556600.5
49258932.5
26108662.5
41478085
52007747.5
66595502.75
8506232.75
60433411.5
19691511.5
56216247.25
10810396.5
29107923.25
43548497.25
38312017
37397912.75
50123380.75
44732709.5
84208400
46213375.25
57387414.75
55883632
41795150.25
49370179
35948056.5
35927500
42153906.75
21271244.25
73759666
34499839.25
26878725.75
127879307
26548461.75
66010530.5
73730629
43748879.5
71826824
108799849.5
56415730
129036105.5
27341523
72587842.5
57068827.25
30175247.75
35071068.25
46676018
24922329.25
30828218.25
95997808.75
26508236.25
29540543
49476186.5
13736376.5
68352125.5
53926124.25
28170412.75
38841649.75
19351482.75
18979530
46270358.75
29716575.25
40397472
39743405.5
28943254.5
26478815
78376296
36854762
20865564
33292593
40839786.75
75620229.5
40394199.25
31574118.75
53017210
39621336.5
41895841
73813798.25
69908254.25
51324037.25
58093415
65544972
30661123.5
17869890.75
70638510
51231737.25
50979819.5
67610670.75
13888469.25
66153168
59098965
58701050.75
25781578.75
59872042
16557455.25
36303838
35959908.25
46179078
45813890.25
84111962.25
65752253.5
30286912.25
55361099
47660868.5
33657717.25
72470291.25
32938549.5
56795671.25
63658441.75
13914950.75
104566991.75
44261545.75
8444928
39601618.75
63059371.75
61236102.75
96393687.25
27070302
67162456.75
67214047.25
21265323.75
31168285
24483075.5
49760874.25
61880040.75
27664876.75
20940138.25
32105342
77441408.5
74959524.75
16792433.75
19636422.75
69840737.75
43276420
64853842
68235528.25
57960891
42745294.25
62390925.75
43984204.25
82039132.25
58503149.25
82215904.5
13368825.75
38921735
117208691.25
29204581.75
48986015.5
41897390.75
33381882.75
75621428
67067521.75
36334095
42337391.25
53563225.5
97156371.75
33159904.75
49281656.5
44784214.75
54316179.75
29994573
21283557
34503591.25
56994354.5
34669232.25
32756616
60375371
24782162.25
24332948.25
40947863.25
70697023.25
96029506.5
51493869.5
19170367
53715785.75
23944882.75
82475131.25
59715902.5
26734794.25
27006685
40490898.25
53772217.75
40714282.5
85842572
41781363.75
36692029.25
41927652.75
20549315
14137251
53452446.5
40093880.5
66804195.5
49599660.5
85493613.75
49591073.75
55163002.25
75361547.75
73204407.75
62982238.5
53093471.5
35917603.75
38197062.75
104138769.25
56440013.25
28727684.25
18036314.5
45771008.5
51715466.75
73913846.5
30279085.5
27252739.5
27708676
21564653.75
44467497
27790231.5
22589713
27021799
29357855.75
23277988.75
46394289.25
66609731.5
24603240.75
18168480.5
60243032
20836031.25
90251236.25
20996069.25
56962161
68209818.5
46966581.25
30830995.5
11683533.5
41520622.5
28706018.75
66294232
58526965
14452473
72100462.5
62624548.75
24979823.75
26363815.75
21392748.25
26822463
72857146.75
24891620
41500559.75
45450417.5
48231104
52555046
36423557.25
103745232.75
23675364.25
107325520.5
77667843.5
58124724
8449081.25
64826752.25
83619707.5
29422765.75
71163376.5
30219862.75
32159510.25
48890594.75
47495130.5
14154812.5
56717828.75
26023452.75
69827285.5
32955744.75
49611294.75
26226501.5
58007387.5
49043655
20314949
13241910.75
31946754
43998558.5
72403994.75
62113202.25
37339844.5
26156079.5
104434330.25
25748072.75
36526651
47376914.25
64331924.25
24749614.5
41291517
47641798.5
62915132.5
29363838
39887560
42393452.75
25776734.25
58778635
116127804
73976938.75
57367697.5
49057703.75
33156241
62726689.25
69256758.25
48440007.75
60574010.25
52885692.5
25457111.75
58768281.25
16998129.75
30955815
15086444
16146457.5
60672888.75
40626198.75
45309732.5
25044338
20570469.5
44744569.25
61110708
65039312
27038082.25
64339844.75
40951662.5
43155516.25
49830224.75
35420782.5
22524557
11366050
47617620.25
18425432
50489075.75
14829864.75
22361261.25
35713355.5
65425645.75
41566729.75
70186519
22867606.75
44874997
68389473
70829624
60663568
54801116.25
31865239.75
59459009.75
24972152.25
11223873.25
30702683.75
53406049.75
40666053.75
65899498.75
18461487.5
41838080.25
26341756
62298355
27626970.25
25041636.5
29141753.75
12001354.25
79159982.75
39302929.75
25757674.25
23112672.25
33339819.75
41651059.5
60741258.25
33264490.5
39180389
62669005.5
33097154.5
59341755.25
24387567.25
81526764
35656146.5
14340587
46565210.25
41633812
44434135.25
19080932.25
88859905.25
25782886
31137944.25
28958328.75
42045688
50016031
25775528.5
68620212.5
27812492
45418403.5
30237161.75
45305437.75
78716036
35247639.75
66369202.5
17260137
10512505.25
13431693
56334813.25
31251617.75
73789545.25
50489963
54313642
21794900.5
39294096
26807847
14357433.75
43532754.5
18944337.75
24734115.25
22204872.25
38470449
63564635
20749798.5
12644157.5
40177013.75
11076226.5
49567150
50516575.75
57321836.75
7864016
43864608.25
5054429
6082342
71314693
25366134.75
40252291.25
22167857.25
53144219.75
30718792.5
64601513
23826182
22142513.25
52018779
28254586.25
56116256.75
30439758.75
41484346
35937293
18763475.75
33047764.75
33778329.5
6237387.5
39050315.5
67747959.25
34573977.75
47960821.75
7209962.25
33130002.75
22765708.5
39002759.75
78849972.75
15949412
73363181
78196265.75
33666081.75
25713149.75
19208650
37183541.75
37442577.25
32357493.25
47648203.25
82672203.5
72481974.25
34030846.25
18219002.25
69560443.5
55954853.75
32933572.75
55502707.25
58209738
41385303.75
7402512.25
37447918.75
20677005.25
78221235.25
29756834
28282162
39469836.75
19314586
58025497.75
56161446.75
95832658.25
69657788
41711290.5
73947320.25