2019
1028527.5
1157669.5
854287.5
630643.5
668059.5
1149228.5
1080247.5
979520.5
1157975.5
1093647
733158.5
544031
1081669.5
752061
978938
704004
802808.5
786871.5
901222
865986
744985
617903.5
565253.5
1189214
590002
747518.5
1243204
943955.5
527913
812447
790770.5
883655
583188
740780.5
898039
1104071.5
855339.5
972053.5
1197681.5
729872
623377.5
886776.5
1071731
913165.5
902414.5
1218259
956729
973132.5
684532.5
697937
797835.5
842658.5
505510.5
657230
822252
1249142.5
742730.5
959853.5
946958.5
606445.5
1061718.5
1011971.5
891170
653099
1026154
531237
842021
584589.5
983970
602943.5
1140982
873545.5
795875
704383.5
963813
537934
1306921
930061
960433.5
936863
1215477
726085
1002606.5
613398.5
545347.5
587131
832361
635177
1096538.5
746262.5
1013005.5
1129531
952392.5
721982.5
789124
776240.5
970279
798886
697665
855383.5
944883
1000104
847469
662577.5
950766.5
886113.5
846001.5
520461.5
797119
876278.5
623062
969447.5
769366.5
996036
637056.5
1119278
556917
947607
1107686
896220
650678
932518
974662.5
1178411.5
783126
1157656.5
1246633
596053
796159
903663.5
683140.5
770846
590400
857033
795055
1157632.5
1013065
836939
606117
829888
698000
1077244.5
664758
813239
1026991
1449089.5
1093511
1080550
872921.5
939575.5
1005692.5
1034849.5
1125967
990026.5
849436
908949
962598.5
1093384.5
688584
617274
1014645.5
503132
824004
797412.5
823798
868089.5
941314.5
940592
959076
1328467.5
529557
851918.5
869631
746885
775429
1105081.5
1008102
602491
651106
604052.5
667814.5
1012500
600501.5
548455
477009.5
685817.5
746982
928271.5
467091
1022728.5
1002602.5
694246
699188.5
659122
623311
935509
1043007.5
608248.5
1341761
623990.5
504240.5
470701
827160
1025658
926798
644953
775309
1040290.5
672456
660843
753396.5
874013.5
749486
751446.5
542575
824244
855124
1139775.5
895674
975859.5
810212
475685.5
672267
784829
693180
805569.5
1049734
773300
838166
661361
1081964.5
839350
847406.5
1056306.5
673412.5
746788
606170.5
1146442.5
987443
611003
874029
759461
820570.5
835040
727831.5
1130738.5
818951.5
453816
787041.5
727069.5
712816
835823.5
692899
863236.5
582051.5
568349.5
951075
824086
714497.5
812208.5
823452
453961.5
899373.5
787940
828516
1018240
653102
851108
526658.5
909254.5
674262.5
933495.5
660042
1166669
863483
751714.5
903656.5
595367.5
631757.5
458687
940014.5
523567
697244
765223.5
888641.5
1106093
676981
424865.5
560213
803330.5
460762
843573
853272
893351
910595.5
729042.5
505790
973335
456361.5
879191.5
1015367.5
642383
663040
754775
1046921
994005.5
1015678.5
668002.5
1100468
892337
699409
803736
734781.5
444507.5
532733
751823.5
709655
777768
755211.5
633391
1003335
743489
905474.5
803657.5
776759.5
883322
727069
849759
615422
1027119.5
559129.5
351150
601171
915101
716047
859333.5
832687.5
600242.5
704921.5
569095.5
778204.5
414726
635581.5
469723.5
750461
921018.5
899322.5
798092.5
679972.5
714323.5
903937.5
818613.5
806184.5
923209
942649.5
735583.5
789065
825117.5
568267
935623
764946.5
759514
908851
681141
615250
1014054
871782
770644
825313.5
606590.5
1149077.5
636743.5
774506
1011542.5
652591
842372.5
752479.5
797668
447218
1194839
524813.5
908565
871288.5
617195
911581.5
703147
906962.5
888261
712951
418258.5
1020068.5
615272
947907
853907.5
961617
893613.5
720357
645134.5
988654.5
591532.5
880094
939256.5
1028244
1004464
604251
864812.5
627152.5
645866.5
923938.5
652987.5
657449
925627
701817
938895.5
656109.5
849706
785229
645585
848645.5
743110.5
935999.5
790119
597639.5
530766
695209
809970
826970
672613
472355
486550.5
719635.5
492097.5
700412
586511.5
381244
1035819.5
794194.5
558162.5
908745
610396
869276.5
732440
604661.5
601717
508535.5
729435.5
673158
557134
818249.5
842781.5
777036
702072.5
541376.5
945155
648295
830580
734131
609726
684471.5
1114332.5
905984.5
715253.5
856867.5
820507
715255.5
785105
464521.5
750325.5
941267.5
656661
659640
627441
770186
1069765.5
538228.5
789036
669951.5
494756.5
613848.5
782198.5
646225.5
911811
588226.5
996450.5
509437
752789
680332.5
972416.5
402462
648540
848774
653107.5
631561
633266.5
1043684.5
678420.5
864288
444778.5
882711.5
344005.5
648767
588196
631063.5
365869
788137
584130
909634
702025.5
443444
858266.5
754091
625267.5
650320
693222.5
558864.5
756132.5
494715.5
422227
879658.5
655656.5
580265.5
579522.5
782424
674283.5
483696.5
718584.5
407280.5
1282631
496773.5
693265.5
654502.5
697818.5
1094841
504380.5
769358
621204.5
712168
472506
643791
875060
1028302
617897
758776
672809.5
519900
609040.5
537842.5
522182.5
539896
936557.5
460051.5
890457
911168
549843.5
692482.5
623824.5
898265
702470.5
518152.5
853661
694892
720123
632244
522076
870617.5
672023
604545.5
960546
888715.5
505955.5
681707.5
661766.5
495081
689057.5
582751
901901
645545.5
611126
634464.5
817501.5
642383.5
663943.5
369374.5
649398.5
570211.5
685824.5
433547.5
561045
620141
660309
735872.5
1015223.5
652429
920624
588085.5
898642
431526.5
889088.5
765013
785769
888133
776804
650718
508146.5
758254.5
613935
919296
863328.5
764068
453869
558522
639975
547386
541390.5
797780
1091896.5
528375
466449
555624.5
599706.5
477092
534593
524384
813380.5
1046344
631145
733600
604038
805118
540887
430146.5
604405
959129
719956
672620
342769
638302
761105
871007.5
734998.5
384560
745664
718666
435033.5
499116
373959
537723.5
729675.5
666775.5
470130.5
722790.5
466246.5
439487.5
558553
876445.5
650759.5
724672
742546.5
873833.5
1019905.5
671987.5
576656.5
764322
495965.5
563890
542019
607157.5
805402
367111.5
562183.5
419186.5
702597
408341.5
429383
709007
518879.5
494179
446848.5
376989
713959.5
699891.5
454107.5
647015.5
593926
490307.5
549002.5
780141
565152
589352
568518.5
749077.5
470661
323898
586233
718597
515173.5
546288
487003
808932.5
823923.5
557888
621753.5
886030.5
290001
595860
912802.5
704203.5
830785.5
670126.5
587466
433490.5
839322
596992
619488
564209.5
671580.5
510727.5
311632.5
387115.5
1074049.5
505084
842521.5
385460.5
374821
772617.5
533290
358425.5
879635.5
422978.5
648124.5
585475
799861
597537
335169.5
614409
958245
569199
776205
933092
679362
777750
590439
507443
565105.5
494472.5
894492
528116.5
513470
763795.5
681791
566819
569793.5
578058
776593
382375.5
462749.5
576041.5
491882
439369.5
801786.5
555500.5
369791.5
661332
523743
654081.5
449899.5
553694
733996.5
355171.5
605253
602225
541960
740627.5
646350
482990.5
679230.5
586657.5
487722.5
273260.5
913224
792639
990018.5
370338.5
477410
347494.5
577493.5
790747.5
424340.5
678486
536920.5
526122
798710
584890
686739.5
601930.5
632211.5
648277.5
686233.5
396133
802006.5
843272
524868
849142
462184
767164
530113.5
685286.5
740636
781442
906083.5
950657
1052611
566988
577223.5
480839.5
308068
488273
445773
535652
668681.5
432947
483703
344910.5
870104.5
725966.5
582559.5
577665
859776.5
628481
383596
723048
739198.5
715748
621523
482556.5
384967.5
357578
569801
589261.5
595266
614728
673269.5
637899.5
554995.5
460690.5
590722.5
795007.5
585297
667260.5
670329
676349
742423
440525
482148
827300.5
390091.5
849865
612023.5
721755.5
513625
627553.5
371956
628009.5
416304
711852
611174
786974.5
503244.5
453433
676842.5
587249.5
639946.5
635346.5
485277
701209.5
511708.5
336730
565608
530104
534378.5
406241.5
476922.5
554402.5
700649
731265
834121.5
357761.5
572777
701727
397452
422613
551217
502771
686417.5
597320.5
298542
482989
689556.5
409133
311676
633368
339445.5
421452
561973.5
304149
927851.5
537911
638854
576164
670679
434265.5
554011
789774.5
681012.5
569640.5
524462
630529.5
663209
471888
576505.5
663786
406539
502856
481436
784608.5
278007
405791
666565
546388
600164
402115
483511.5
444523
560726
453921
708248.5
639617
671440.5
459275.5
425270
463293
602464
367871.5
604823
743738
589801
785472
322841
447915
629540.5
498722.5
390783.5
716231
484998.5
529491.5
415711
479756.5
691729.5
820200
592949
451382
675242.5
670548.5
664635
486091.5
504857.5
430249
440294
640918
549314
460240
556792
519863
493560.5
715513
568294
706120.5
411231.5
525845.5
578325.5
304749.5
585711
506046
251321
564299.5
650477
431147.5
689114
600692.5
488707
563050.5
480320
641327.5
570823.5
639724.5
575697.5
470033.5
508423.5
667420.5
766982.5
509906.5
437688.5
648916
822749.5
742449
492846
430064
419981
455907
437922.5
428512.5
314832
446389
531228.5
509518
678768
512869
570646
571809
541961
495000.5
249282.5
433390
554847
508484
673403.5
615520.5
564982.5
738881
266520.5
375873
518122
497485
688108
542809
498892.5
440704.5
449087
314810
451828
538914.5
461319
583688
525820.5
598324.5
512143.5
321636
425277
768820.5
264669.5
575530.5
275793.5
630476
595676
570621
763190
543332
609053.5
523167.5
446505
540588
442569.5
718417.5
538713.5
493562
444640.5
407520.5
312209
511201
448724.5
646822
283545
461599.5
447173.5
652511
293064.5
756427.5
432719.5
434716
623226.5
648072
583461
547232
600527
444539.5
645687
505895.5
649171
512993.5
536667
695181.5
586795.5
712144.5
447945
444857.5
582850.5
524626
464605
434185
555260
529610
422891
455435.5
549726
487709.5
428935.5
478158.5
445162
501151.5
498973
519487.5
446155.5
450119.5
475972.5
421082
460820
630891.5
412978.5
331741
249165
608521.5
545520.5
352681.5
320331
307545
335848.5
669671
597616
495630.5
606511
592757
486326.5
465624
429241.5
583899
653144
277335
525595.5
532592
781987.5
574703
455129
477501
573154.5
632844
534696
574783
351865.5
576240
452194
366384
421492
429932
474502
450283
338424.5
575141.5
543253
487418
722777
437092.5
721213.5
315395
472722.5
540259.5
583547
587255.5
530907
257694.5
522443.5
482184.5
359325
362735
485185
412754
308645
413095.5
461111
353684.5
388221.5
669155
372875.5
331787
323784
472391
402308
507016
497529.5
695944.5
517928
414598.5
389868
407977.5
418061
663021
478921
550677
274929.5
407438
408928.5
319937.5
534834
244516.5
390966
419225.5
369287
428084
359580.5
423232.5
387272
492571.5
367596
641702.5
771986.5
556281.5
598277
554135
395570.5
437542
525196
516076
620158.5
516773
530897
411020.5
249318.5
568773.5
517313.5
446924
553727
594791.5
403208
410111.5
598257.5
416532.5
486017.5
344320
377857
251465
444170
511035.5
547124
523831.5
527394.5
567083.5
254773.5
230612.5
475581.5
521511
519798
559177.5
522479.5
504239.5
377029
256900.5
614138
420175
447747.5
470244
251244.5
543996
600906
545645
190021.5
294594.5
392813
459825
563276
307880.5
462068
216116
262268
550459
379847.5
545309.5
254338.5
377693
516026.5
275401.5
469554
397565
482472.5
474183
664095
496834
508205
348887
481990.5
207483
315267
226875.5
484447
493936
495355.5
650765.5
563512.5
325331
442698
617525
318702.5
419491
632935.5
345649.5
308187
522043.5
576481
340055
764876.5
342569.5
306444
503255.5
298882
289028.5
435056
383270
342539.5
455708.5
437788.5
476938.5
240842.5
455799
522179
655678
223629.5
458245.5
444989
483538
344436
399524
337530.5
599216
515784.5
367714
336375
266355.5
520379
596225.5
336455
192822.5
633263.5
304548.5
545474
369657.5
413453
428204.5
187993
201796.5
689131.5
369747.5
441863.5
539981.5
486747
426746.5
342524
425297
605899
396016
249080
491033
307146.5
271867
367427.5
337821
493464
366441.5
353081
396654.5
531644
436396.5
498596.5
192483.5
433134
437707.5
321783
463395
291851
474646
438695
301336
343337.5
322669.5
479384
511499.5
394991.5
278831
334785
316108.5
451847
481402.5
437363.5
330004
413867
257927.5
481603.5
287416.5
300780
529255
284795
377413.5
224940
415091
289781.5
363126
455375
201768
234178.5
434130
501554
330077
289118
530689.5
537094.5
320961
493663
320688
411738
533793
515849.5
373641
360695
435910.5
298548.5
418947.5
234461
290482.5
333412.5
350157.5
505742
370134
373492
397731.5
412293.5
339638.5
316124
430169
277443.5
386842
487151.5
273184
299013.5
222214
335005
548331.5
276532.5
303391
706247
309103
329724
385783
297174.5
344918.5
422483
349835.5
524587
396220
319829.5
320920
260117
403236
327003
477552
502641.5
503106
245499
347762.5
307380.5
590873.5
370993
383130
410347
477449
253436.5
269456
429871
605753
145204.5
318782
449825.5
368471
360582
446850
559593.5
264138
466196
537955.5
514113.5
230114
319206.5
215380
223030.5
622063.5
348195
407976
432909
373572.5
277791.5
467783.5
353421
272201
410658
304895
236450.5
603673.5
496985.5
191461
205678.5
295036
412166
245523
340426
243334.5
389777.5
380449
493982
426352.5
286062
275548
354183
197222
244288.5
412755
401475.5
179786.5
502061.5
192483
435401.5
385351
374145.5
313144
236756.5
280499
362576
382020
358022
345735.5
341035.5
373830
519465.5
327557.5
254821
316207
326505
382060
114884
362550.5
224924
318576.5
140449.5
215870.5
337799.5
291910.5
253758
323764.5
280904
474992
308495.5
331179.5
372853
301256
321683
248519
219511.5
244199
188612
432600
351640
257393
576995
270809
361262.5
362261
309309
405446
542578
398301
595515
206104
439726
324479.5
249906
275834
333573.5
228659.5
258505.5
519711
202148.5
232389.5
264470.5
157932.5
382198.5
361287.5
203438
250082
228896
206112.5
346465.5
316660.5
334766.5
296259.5
294655
198909
424381
244918
166523
268205
297230.5
380537
268953.5
221879.5
350832
271786.5
274185.5
371911
407527.5
411732.5
364685
383502.5
229101
191368
406783.5
295869
323159.5
382180
159451.5
398704
342680.5
321693.5
166678
337981.5
171727
296582.5
214173.5
286178.5
307230.5
461297
375360
319256
365093
329826
184300.5
383696
271949.5
328481.5
360014.5
162953.5
473081
295393.5
117598
266135.5
369539
356694.5
519344.5
280128.5
321267.5
429273.5
127837
208744.5
259474
357312
403212
182139
164325.5
234256.5
410699
394857.5
181794.5
184345
370936
222271.5
338290
360669
308356.5
262002
373589.5
264231
400146
308409
406913
133979
226031.5
554213
236003.5
330098
290432
203627.5
381846.5
368335
226824
286914
319506
418408.5
267558
308637.5
259826
325378.5
185479
202325.5
301267.5
310983
263880.5
247338
326014.5
191464.5
165141
244016.5
336892.5
451024.5
300351
138811.5
307375.5
221054
368238.5
295146.5
208404
224241.5
303748
314377
239897
404152.5
379906.5
204396
264767
170100.5
122676
323471.5
269735
338695
300688
433378.5
325792
311100.5
387577
355097.5
368401.5
324361
210975
220903
518575.5
280638
201781
120963.5
288622
235872.5
355040
250638
174260
204989
167370.5
273044.5
260480
165110.5
169600
217275
210405.5
348208
367500.5
163446.5
176588
347352
201917.5
431863
138640.5
337103
370671.5
261596.5
207297.5
120969.5
255076
178665.5
314604.5
305056.5
151430
333257
337554.5
246052
208453
134762
203613
380645
194199
224690.5
268621.5
279399
271240.5
240519.5
430818.5
165814
465254.5
383823.5
313728.5
86970
326625.5
391768.5
175382
340497
217689
209683.5
284878.5
268114.5
144107
275657.5
135134.5
345275.5
236855
275856.5
130879
263514.5
258701.5
172232.5
105071
221616.5
325558
405072
331893.5
240870.5
183205.5
473299
151512
203494
211991
301001
178289
231940
256507
285709
200663.5
219819.5
230577
199275.5
282156
469897
332932
267105
267848
255622.5
312679
317599.5
232114.5
268979
282124.5
178408
278395
138569.5
176367.5
103990.5
111799
313783
197373.5
246861.5
148434
191443.5
256559.5
305957
330742.5
190834.5
350748.5
216360.5
238796
261072.5
265715
194149.5
108688
251528.5
107265
211413
129766.5
151190
163117
316151.5
215383.5
331951.5
138301
223424.5
285185.5
340517
256005.5
255198.5
192549
336723
145559.5
110027
180531
232506
188602
317151.5
106695.5
223680
144736.5
271908.5
162340
157685
136838
78965
313779.5
194633.5
142497.5
141952.5
227803
280264
268049
235527
232227.5
292628
198518.5
253818.5
162180
354345.5
169842.5
96510
229750
207570
184695.5
110928.5
383999
139479
237299.5
225833
200773
263024
161286
313148
137667
211399
181317.5
235984.5
331742
159451.5
279962.5
118358
89008
128666.5
248275
147055.5
397694.5
205436.5
278684
143578
204984.5
142246
71687.5
233020.5
166731.5
145515
158239.5
209170
296876.5
129871.5
73503
197398.5
66320.5
264252
210379
248361
72529
222461.5
43294
39633.5
313704.5
148068.5
164795.5
110214
239167
147287.5
303877.5
125368.5
150314
281814
202391
268649
190266.5
182847
178901
115705.5
182360.5
182485.5
34630
223110
335090.5
198664
250119.5
72644
190119.5
127911.5
242351
238016
126637
287289
248500
148907
161780
102863
157397
188745.5
183347.5
225482.5
287032.5
306701
172051.5
73637
323046
222880
181175.5
227213.5
251639.5
208144
51208
194260
144859.5
297663.5
190431.5
151359
230043.5
79668
235790.5
253265.5
390525
283347
141573.5
267722