2019
498711.5
646138
397497.5
291274
318501
409494.5
365361.5
606622
644759.5
401351
398402.5
230904
606317.5
408367.5
514994.5
400671
507242
437090
489266.5
570608.5
376127.5
391160.5
256643.5
502821
221828.5
282175
424245.5
470651
270360.5
481779.5
341533
302902.5
289898.5
322247.5
413052
625320.5
258327.5
508078.5
618288.5
394754
245837.5
485796
438707.5
330771
440417.5
523268.5
553121
360344.5
313695.5
222615
343809
308794.5
288546.5
304151.5
283032.5
725566
406363.5
374795.5
316104
341879.5
495102
396996.5
352246
337495
637672.5
329782.5
312736.5
241993.5
523959
276162
453330
488029
399978.5
265192
407693
242577
602209.5
260796.5
308815.5
357804
602249.5
280554
373681.5
321915.5
218810
243923
327614.5
353009
645564
283938
591466
597511
302657.5
208071
436103
507755.5
587093.5
311450
269533
283551
585044.5
559517
582578.5
362783
310711.5
654812
305948.5
268525.5
268354.5
472349.5
343209.5
617289
416277.5
517871.5
264187.5
616580
276576.5
647632
417763
470243
375538
366177
596654.5
798096.5
381369
564341
638528
338652
440733.5
292927.5
447519.5
520217
348843.5
487551.5
510710
558511.5
615661
542476
241331.5
461618
382576.5
561354
226303.5
519407
553368.5
732073
551911
655155.5
328157
401486.5
557800
615135
679687.5
622716
475154
407445.5
459413.5
590205.5
430578.5
208208
431605
287046
507464
376100.5
432372
344803
463033.5
467994
528983
576713.5
201876
307801
236416.5
508778
540446.5
458440.5
453610.5
196811
218082.5
371545.5
276646.5
337228.5
302303.5
311306
218648.5
241524.5
437776.5
517782.5
227623.5
622492.5
459906.5
497131
458605
260834
290601.5
304669.5
494900.5
214126.5
755113.5
382193.5
256728
237741
327326
505094.5
326449
362484.5
220796.5
462620
330918
348631
337399.5
288235
264669.5
252112
286915
398309.5
206973
551106.5
510953
548031.5
468677.5
287349.5
249878.5
257836.5
473139
472046
440193
214062
291469.5
386190
469878.5
334901
586350.5
472736.5
296803
425504.5
264342.5
588275
366285.5
295153
586478
384836.5
222298.5
518722
361572.5
557759
395656
223131
285485.5
450667
470855.5
504460
290319.5
417859.5
194793.5
384347.5
504296.5
422705.5
513420
219000
546066
197073
534999.5
391719.5
443946.5
467093.5
453913.5
208444
220987.5
349068.5
200917
496883.5
248281.5
629127
319206
347834
359407
233145
187125.5
225920
495927
211159.5
227823.5
435171
377858.5
427634
320802
195403.5
276877
218283.5
230865.5
379317
453580.5
506292
296940.5
474062.5
237745.5
428400
259753
659419
536247
385879
432075.5
277678
542799.5
516854
557252.5
210547.5
533372
431133.5
218734.5
401353.5
254646
215850.5
215466.5
380805
311939
461243.5
291002
346550
533202.5
292911.5
471752
512461.5
493506.5
335568.5
276968.5
417808
260845.5
632290.5
290753
172542
285681
336939
238054.5
526247.5
503306.5
184469
257879.5
313423.5
476174.5
219557
344548
241561.5
303173
531573
461442.5
491102
451823
411925
392582.5
198910
475066.5
427264.5
486620.5
380220.5
300603
330088.5
219889.5
581405.5
440497.5
385311
365062.5
463628.5
254144.5
591634.5
419650.5
451154
343933.5
378571
638196
398977
600216.5
457080.5
370623
535023.5
376725
550995
250275.5
668349.5
202903.5
474564
394334
302963
501113.5
422050
371273.5
549601.5
405177.5
193003.5
484466
366907
444070.5
527203
540152.5
236233
545793
299712
468390.5
249739.5
546844.5
380318
508452
575494.5
275762.5
436397
228919.5
178792.5
563764
375121.5
319852.5
585542.5
481088.5
488219.5
419687
683600
280505.5
395843
181477.5
326499.5
591278
600001.5
356139
211311
380374
356024
181281.5
198300
249382.5
168195
400011.5
226260
272384.5
340912.5
185130.5
584490
248701.5
315174.5
403319
334394.5
467382
264121.5
269036
413863.5
295325.5
467436
446605.5
241608.5
344353.5
428176.5
444265.5
279714.5
216099.5
480467.5
259007.5
325659.5
413192.5
384405
235351.5
476781
516893.5
414179
482915
572311
379327.5
329648.5
196339
507379
366231.5
370455
195994.5
426791.5
441249
485196
297374
310974.5
393505
227943.5
401087.5
290950
416006
358907.5
179350.5
532782
245739.5
409089
347036.5
556007
185403
294214.5
440515
207367.5
299697.5
179341
458182
382045.5
427966.5
225390
415321.5
177718.5
368313
167973
222719
193074
384888
252294
511745.5
446950
175575
450371.5
253000
189763
225491.5
229537.5
170624.5
291681.5
234088.5
172071
461853.5
315626.5
320661
217949
238763.5
502085.5
269711.5
443796.5
214558.5
638810.5
204133.5
192514
426524.5
299862.5
590411.5
316515.5
294615.5
443916.5
428474
307405.5
382734
428024
464953.5
429815.5
338743.5
181978.5
180480.5
293357
299787.5
235251
296313.5
415550
289768
327712
427013
161274
494563
218420
618799
279834.5
262293.5
542192.5
465658
255162
462035.5
206216.5
318281
159105
369563
437688.5
421438
199034
341063.5
225214.5
215215.5
233051
200552.5
528668
423198
385061
219487.5
266217.5
326070.5
393301
159106.5
317945.5
280963
328588
204040.5
150300
161560.5
236586.5
422042.5
492488.5
423583.5
388446.5
371435
423032
230744.5
613788.5
443873.5
391419
544664
315306.5
382074
291903
424701.5
245135.5
389310.5
320610
421382
219801
400160.5
282635
397575
238784.5
405216
480871.5
179998
299100
393860
310789
293433.5
319470
359057.5
283312.5
544511.5
226350
262946.5
258244
498306
239608
215864
397553.5
407630.5
275914.5
399965.5
179412
296758
384774
422920.5
540084
172974.5
345073
408654.5
171592.5
256495
179959
156598.5
348356.5
352895.5
259441.5
566614
173101.5
158173
224810
400245.5
441849.5
437734.5
359219.5
343982.5
378867.5
331747
207948.5
319560.5
206213
379312.5
323626.5
181060.5
395835
150020.5
167093.5
200616.5
194187
208479
268333.5
408617
245878.5
251671
252882.5
235740
400145
402960.5
202316.5
315366.5
183663
236181
307599.5
420694
211360.5
264149.5
204693
436746
309818
156721.5
315450.5
231779.5
240500
369895.5
188667
426337
450395
342033.5
290396
500645.5
145884
398491.5
506506.5
251603.5
358135.5
304111.5
185793.5
173260.5
490723.5
153058.5
409687
389462
385342
193512.5
162553.5
153777
392623
343438.5
433567.5
187508
240208
477608.5
328535
160728.5
421160
196744
455551
278756
291465.5
182803.5
182617.5
443257.5
329657
315541.5
524601
466395
430867
501447
218457.5
289425.5
251116
130713
575420.5
204510
259429.5
488132
344348.5
372054.5
339394.5
414676.5
378656.5
224206
176031
322981.5
159867
299659
339345.5
404738.5
209447.5
386452
365383
395666
203818.5
315143.5
368330.5
157781.5
455457
424620.5
170304
301865.5
219164.5
213596
490632.5
349557
185246
129528
567955
376408
604926.5
226045.5
310690.5
131214
405374
420742.5
131565
277453
172610.5
292645
418722
236418
246865
142894.5
299107.5
339338
285504.5
183605.5
330351.5
332725
282529
597564
209291.5
292636
406109.5
395120.5
278028
405116.5
531052
514152.5
601636.5
375526.5
170428
315598.5
151731
335166
182807
333960
126608
290915
198120
132220
258564.5
317815
368511.5
153034.5
376542.5
245553
226015
477418
498555
264514
396101
295721.5
253831.5
154192.5
424654
220760.5
423310
238212.5
310229.5
228163
331648
161836
353384
436922
226240
252726.5
204909.5
315800.5
360078
205493.5
326759
399461.5
136312.5
527261.5
487254.5
360529
329554.5
412156.5
196844.5
348951.5
181593
382011.5
319621.5
444767.5
315300.5
152338
390978
340787.5
242151.5
412958.5
338160.5
506392.5
316206.5
139600
281492
171538
339161.5
240043.5
284469
251101.5
381304.5
393765.5
374274
147002.5
396765
378200.5
198548.5
215803
321592.5
120534.5
213685.5
387972
131868
291115.5
353553
264097.5
149274
319157
163923.5
193665
194242
176418
471626
310763.5
274920.5
331829.5
424888.5
252332.5
165065.5
391380
336519
365825.5
246264.5
414838.5
294990.5
280463.5
138204
204298
191729
277335
285987
271462.5
130054.5
240795.5
327236
376334.5
446224.5
254918
285924
293501.5
359981
338554
447125.5
229859
318288
185061
271610
336211
395033.5
170318.5
362808.5
320057.5
312019
406869.5
173832
113239.5
356675.5
363533
157494.5
387824
151699
348066
168890
230555
378881.5
320929.5
315420.5
191168.5
395954.5
331801.5
277627.5
273319
274922
300676
321868.5
336547
342203
198408.5
239946
219488.5
170324.5
313176.5
434640
327339.5
111799.5
334038
181275.5
182091
330875.5
370939.5
129448
245789
168928.5
260285.5
424231
214204.5
233793
261665
295046
349629
117879.5
344012
278702
227184
313195
370634
490240.5
202568.5
145664
345206.5
378765.5
357883
339827
251489
218360
260035
158330.5
189113
177334.5
219082
182716
135114.5
400764
331996
126886.5
235750.5
259609.5
232632.5
144691.5
236897.5
165884.5
210600.5
345334.5
162554.5
265641
329962
147577.5
179888.5
157709.5
303947
368830
183160.5
286791.5
247714
263608.5
147262.5
319970
189506.5
296561
449587.5
379879.5
334587.5
391698.5
147145.5
273594
357957.5
123514.5
430495
144356
334725.5
332285
256841.5
441724.5
283322
290067
288936.5
241800
187260.5
242264
431033
117784.5
362142.5
207357.5
156355.5
135698
166531
276787
293691.5
167022
353886
315415.5
375116
177472.5
289953
132107
170280
309514
388539
262832
319389.5
254988
341558.5
258363
310514
415583
321229
293467.5
427271.5
364456
399104.5
176591
299608
388416
405753
166855
94412.5
158785.5
163427
166671
308593.5
220882.5
144797
108300
264564
234819.5
144921
180139
390079.5
236765
229908
161676.5
129452.5
355643
300791
188471.5
136743.5
146807.5
285440.5
387566
211269
114238
180472.5
236205
401064.5
191608
198774
450931
304405.5
305475
115652.5
291991.5
280461
335272
109039.5
195930
408124
338503.5
218762.5
240750
369882.5
297738
270775
271243
197521
209879
240687.5
223869
217565
265283.5
315170.5
201791
209394.5
144128.5
219724
153792.5
162855
422728
166880
278943.5
203512
239813.5
180489.5
321947
227640
263377.5
107683.5
375609
213502.5
260698
140154.5
281767.5
97141.5
103816.5
121264.5
237507.5
105576.5
156487
414006.5
195005.5
132387.5
160348
166329
135180
388005
261782
328290.5
135223.5
202455.5
280692.5
148013
243760.5
416942.5
192146.5
301212.5
143568
191240
181151
123847.5
286961
90991.5
268029
170395
169626
185693
188262.5
147599.5
132782.5
155658
149663
398040
411700
246499.5
351441
311582
222188.5
116019
267368
218980
230796
179863
315182.5
194670.5
102105
371116
337407.5
151786.5
215524.5
282438.5
156220.5
187383
367487.5
115005.5
201225
256955
123217.5
134423
262026.5
119242.5
200644.5
325267
349967
235860
174684
122896
129249.5
298628.5
153222
188608
264053.5
296847
170656.5
87855
344159
299733
254406.5
108551.5
159241.5
272278
279017
298143.5
78762
82843.5
252838
231749.5
317704.5
154625
302668
130581.5
133086.5
252285.5
190176.5
136628
154983
285553
189566
84795.5
194586
142614
345244.5
126442.5
348878
318122.5
270663
153532.5
132873
121298.5
165064
119206
229008.5
264714
187679.5
336737.5
328268.5
192285
119854.5
294049
139410
211228.5
234449
112937.5
81718.5
210655.5
150930
189656
418765.5
80566
94726.5
194791
149303
197297.5
110283.5
279817.5
114077.5
166961.5
270862.5
236122.5
133660
195420.5
298591.5
387455.5
93343.5
161962
307878.5
125006.5
140918
319156
156658.5
264285.5
137888.5
261763
201697
93940
332547
265654.5
95427
86017
301486.5
96897
230269
234343
282841
268667
92531
75403
266087.5
183124.5
246048.5
258567.5
301677.5
168409.5
92133
305680.5
365407
264312.5
94678.5
217923.5
126590
113852
171810
87164.5
205811.5
118694.5
217370.5
156543.5
282445
156452.5
255343
88904.5
158407.5
171236
154796.5
199726.5
167042.5
177605.5
131780
202690.5
188562
150169.5
200602
418706.5
137435.5
157093.5
156018.5
71312.5
304574.5
220902.5
351656.5
151783
100939
162649
177933.5
97409
206018
135164.5
141139.5
210297.5
85011
223132.5
102945
160220.5
198272.5
87851
152102
307684
220843
89329.5
102027.5
261250.5
299414
213174.5
284714
225024.5
261681
333853
290519.5
144196.5
206890.5
318111
93003
163260
66193
178936.5
222868.5
229424
248568.5
196032
303789.5
303258.5
184075
105132.5
91084.5
252998
157326.5
265800
226606
156079
91207.5
115882
142378
224805.5
127272
170450
316092
63892.5
160235.5
218597
171668.5
276736
245039
145609.5
273144
192407.5
141445
102726
111686
217127.5
119597
208453
265214.5
345789.5
148934
168075
120567.5
308417
145363
289186
168864.5
210032.5
75669.5
188698.5
278419.5
340381
71140.5
214158
188914
265077.5
172486
229579.5
305644
82011
209289.5
320738
336974.5
117348.5
92212.5
121345
128555
348196
92134
182963.5
242369
168686
90574
266274.5
289860
187573
61132.5
183989.5
109015.5
277866
198958
129264.5
57278
109512
200295.5
71060.5
183432.5
126222
149934
284515.5
130072.5
174473
143425.5
202955.5
149553
122392.5
126120.5
118513.5
197476
71713
288797.5
95695.5
239815
234210.5
201241.5
53825.5
131407.5
194292.5
141111
123797.5
146235
167110
202859
178201.5
198085.5
125911.5
64301
224326
125922
177286
54750
160835
167135
103212
69315
76207
208016.5
200587.5
129840
103117
101552
122998
112145.5
162936.5
211891
175077.5
87883
113612.5
87616.5
59354.5
92928
191845
298538
200276.5
295360
208173.5
101275
119601.5
173132.5
197791.5
231909
271587
264046.5
100734.5
264582.5
132711.5
172732.5
198437
175151.5
156233
75337
267120
95234
97006.5
66202.5
98105
98721.5
100767
55310.5
100533.5
182934.5
142680
222024
269794
236793.5
211853
243946.5
46192.5
171232
53838
77511
187816
180130.5
98284
146937.5
89381.5
191978.5
168320
143598
148328.5
219786
334571
241128
203188
135762
142308.5
112116.5
46963.5
77351
119001.5
110347.5
245451
92131.5
164504.5
57720
155695
73613.5
179640.5
46963
113222.5
172695
257329.5
183838.5
263020.5
266619.5
187548.5
46110.5
160444.5
199806.5
176426.5
122039.5
119638
210759
183952
61240
140300.5
101047.5
220212
226499
238160
87582
291419
47890
88020
208929.5
270593.5
216656.5
43317.5
84942
124481
243730.5
144012.5
123692.5
118184
204762.5
76489.5
125430
157322.5
44775
78470
160189
135855.5
189162
149443
220327.5
77088.5
89609
342033
49127
205225.5
63102
106399
197720.5
158980
108146
184429
223571
106136
206723.5
165422
70100.5
212878
86020
135939
241210.5
122389
190746.5
187116
112058
124130
100539
60870.5
95368.5
179087.5
153055.5
39505.5
177483
172861.5
192877
69347.5
142318
156602
233838.5
155420
80528
164432.5
340846.5
40922.5
144134.5
106888.5
35820
212973.5
182998
156105
97567.5
231709.5
220295
200477.5
104037
163899.5
249177
202625.5
56689.5
64351.5
296673.5
92388.5
93054
34513
150338
46567.5
170588.5
207245.5
29251.5
142232.5
115419
120365.5
213897
78642
83209.5
126757.5
157602
276482
193817.5
95435.5
127101
207467
146522.5
123816.5
64615.5
239600
84903.5
76081.5
83179
72178.5
153798.5
57337.5
59040
65283.5
98156
130556.5
206219
213385.5
154977
32704.5
157842
261731.5
151951
139454
110962
145790.5
129547
135436.5
192734
69868
202887
217167
126527
33324.5
168214
179579.5
66111.5
118730
154733.5
127714.5
23979
34755.5
93845
95655.5
22779
177954.5
115709.5
103358.5
45890.5
91018
42005.5
138107
54540.5
70654.5
232907
249550.5
187515.5
124017.5
112145
238207
36383
24382.5
67496.5
159496.5
110198
103269
92485.5
102762
143413.5
98641.5
71301.5
135870.5
93903
197197.5
129801
55437
104556.5
154614
154523.5
148338
128280.5
90735
128480
60186.5
126069.5
103980
21851.5
53032
39717
173828
50692
116151
59474
143204
146000
198262
179628.5
143925.5
214281
110076.5
138636
131565
227965.5
145434
85296
155036
38187
35993
95344.5
120739.5
24375
165870.5
25400
78324
78379.5
47155.5
98214
172186
97261.5
48867.5
146639
149876
71643
60510.5
91932
99748.5
87850
149258
65401
130697
47806
97089
64666.5
60762
41096.5
22585
147580.5
129318.5
67644.5
83919.5
168231.5
213265.5
81475.5
192492
152393.5
158374.5
107902.5
179904.5
112181.5
175621
33697.5
46191.5
42524.5
44954.5
28000.5
80976.5
128755.5
55710
200543
194949.5
107593
92957.5
101798.5
183966.5
62163
74419
85765
185306.5
68314
62041.5
134725.5
76162.5
71440.5
111168
126671.5
79575
293743
112416
62065.5
114108.5
124443
35521
25060
118280
138729.5
77487.5
104830
125063.5
136604
85267
44402.5
136300.5
36967.5
198349
59986.5
75301
59400
105209
24462
28302
159510.5
102397.5
45475
30282
80555
92000
132595
80173
130992.5
116819.5
171492.5
125158
123263
66047
121730.5
84591.5
132268.5
72439.5
9057
187010.5
228759.5
124903
151596
67559.5
101943
51464.5
168588.5
71733.5
107012
187692.5
132683
88535.5
120253
14517
89197.5
118020
123267.5
115147
98608
185188.5
3426
6489.5
128490.5
96615.5
122287.5
98482.5
131635
29038
26320.5
128157
95060.5
122172.5
139953.5
74112.5
122135.5
38059.5
148552
149458
206883.5
102031.5
59051
103558