2019
183
158
202
129
262
14
101
19
230
74
171
73
202
136
225
202
192
172
82
24
-2
138
129
7
110
159
143
161
222
116
60
17
59
10
191
135
209
64
250
73
10
169
34
109
176
49
67
177
27
41
137
140
51
124
108
130
31
72
175
135
113
28
168
155
18
27
134
84
147
82
98
21
102
150
183
172
41
199
42
19
23
118
-4
6
-19
126
207
139
246
21
110
106
63
36
27
34
307
52
216
258
25
72
113
106
123
71
7
32
78
25
232
258
143
34
159
133
15
51
106
145
56
174
239
108
231
229
68
88
218
30
140
221
61
95
286
28
165
158
138
119
117
48
125
149
109
215
191
25
52
96
78
200
11
177
194
198
17
69
282
255
107
180
111
211
18
28
24
4
99
107
97
23
161
114
106
-5
135
134
108
135
2
2
265
53
89
54
161
267
-3
240
65
245
115
1
134
-8
26
103
146
3
231
36
205
26
266
-9
88
58
51
22
90
48
82
71
18
113
0
55
184
163
127
130
59
267
106
10
73
78
168
158
68
197
117
224
51
93
140
121
188
217
127
148
41
75
29
175
125
48
113
-5
61
164
146
85
178
75
31
122
45
51
191
-14
108
0
85
59
186
99
118
32
76
8
44
208
182
5
203
211
142
43
145
-13
-16
167
15
198
208
18
250
221
207
214
159
170
213
161
45
43
192
172
158
-9
27
12
118
205
112
289
192
191
108
120
-9
18
12
87
142
142
66
48
117
128
82
205
119
54
81
80
145
118
192
-10
207
28
130
37
105
184
213
111
58
19
-3
46
55
178
137
22
34
22
151
18
93
-4
91
64
101
205
47
18
19
46
100
223
86
104
65
210
9
200
14
194
115
59
31
125
29
154
329
187
129
123
150
84
85
207
209
121
181
89
60
226
16
272
220
204
140
43
103
110
142
145
151
86
64
237
161
51
247
51
171
142
159
146
73
188
230
123
84
164
112
21
29
200
29
243
132
201
160
27
120
190
208
177
50
87
91
38
-4
185
17
37
182
136
115
74
116
174
131
184
39
42
215
122
55
89
4
50
185
114
4
139
25
162
57
155
13
129
55
5
36
201
118
26
-5
118
32
172
21
203
159
126
-2
189
77
46
190
132
111
157
183
174
258
69
208
163
17
185
182
249
104
229
19
216
184
54
159
-2
85
164
107
35
18
91
21
23
223
224
152
177
59
49
75
69
131
43
38
79
112
169
344
191
147
34
134
117
201
16
42
189
136
-11
192
158
0
186
128
99
34
0
223
41
118
133
26
144
172
190
50
23
170
156
18
78
149
233
181
137
16
59
57
26
200
-16
16
39
193
133
104
61
76
143
80
158
87
144
43
126
149
8
157
152
53
256
126
135
77
125
-4
55
113
114
181
176
72
136
150
91
120
72
113
121
-10
29
103
66
215
224
194
45
125
105
168
52
172
8
152
128
48
16
24
171
114
175
149
218
31
207
177
79
18
74
136
154
81
53
56
175
23
32
132
125
51
229
147
27
28
38
88
198
152
169
103
13
55
38
69
185
94
23
105
-10
46
143
18
70
159
109
244
68
185
29
9
22
164
122
71
38
89
147
-7
79
58
217
121
165
75
68
44
18
152
59
31
133
122
64
-19
80
71
171
116
229
277
29
28
97
8
129
35
208
85
-19
126
125
101
175
71
140
106
96
192
2
228
22
55
207
113
115
40
242
218
119
159
49
143
53
108
183
168
260
74
138
66
-12
192
77
64
130
144
17
27
15
241
108
85
7
71
83
143
167
177
183
97
54
35
134
116
18
-16
8
174
95
12
26
155
27
160
50
164
93
76
232
136
202
9
-14
13
162
46
59
9
45
205
223
43
17
144
241
63
183
141
54
2
156
55
101
224
52
58
21
213
210
70
22
200
46
-17
164
72
69
122
56
157
204
127
119
30
99
129
13
124
102
220
246
108
179
70
180
174
24
92
18
67
84
196
126
17
138
71
119
7
83
112
46
228
48
7
196
131
99
133
101
65
240
56
17
108
55
136
11
107
27
120
26
72
251
143
46
140
33
107
201
114
-2
108
115
135
218
131
166
111
24
103
-5
31
245
13
36
155
47
278
17
22
42
71
161
110
118
180
170
139
133
59
12
113
231
83
54
175
107
148
222
163
34
49
166
146
173
71
84
74
25
184
125
49
33
196
164
176
42
15
55
30
65
129
160
23
215
111
283
230
111
-14
120
146
98
12
110
111
197
65
8
194
91
61
177
1
93
36
-9
82
17
138
14
119
168
158
95
62
254
24
147
88
144
196
86
155
49
8
-2
18
240
40
200
10
224
107
96
22
102
62
227
111
65
117
216
27
69
129
131
143
18
0
50
158
5
45
35
58
12
12
55
46
126
89
144
28
78
72
154
124
199
170
64
66
170
210
30
19
12
28
64
40
170
51
0
180
44
198
78
30
176
155
-2
147
229
21
43
47
221
21
60
55
49
271
177
132
98
110
22
13
60
79
25
66
70
218
83
146
3
31
0
92
-7
-4
127
118
0
158
30
208
203
128
14
108
94
60
106
18
80
123
149
124
13
206
226
49
0
134
58
-18
165
54
11
7
75
179
130
-16
218
67
133
29
142
72
137
196
167
4
-12
205
125
103
-3
200
17
17
116
25
95
-18
22
75
28
21
175
129
66
48
148
41
63
175
106
51
125
143
133
117
78
41
68
239
98
104
85
45
113
39
79
23
179
192
7
117
97
66
82
48
58
146
145
181
124
100
231
94
75
22
10
-18
167
49
133
-12
37
137
99
160
70
161
90
269
9
54
92
85
189
108
78
104
94
9
65
189
154
182
162
166
47
109
167
123
87
-7
8
-14
104
187
175
97
94
220
84
13
221
151
24
-12
87
-19
178
138
36
40
58
164
73
130
135
64
134
1
193
213
108
-2
127
12
244
97
97
-6
22
283
-8
191
11
161
151
122
148
230
161
81
201
129
148
117
80
201
42
201
150
10
124
84
113
164
119
143
177
93
238
46
39
115
34
150
53
203
-14
-13
29
14
112
-1
122
139
175
152
151
44
211
213
232
14
43
127
84
79
189
154
41
77
228
107
-2
21
103
54
98
78
133
96
161
-15
87
29
320
65
222
87
49
104
41
135
241
162
152
236
21
156
118
247
7
65
-10
-17
103
270
206
70
21
127
252
86
126
13
148
313
144
293
50
120
99
46
184
141
-14
94
227
29
92
5
170
145
126
137
147
25
102
37
87
147
37
52
67
171
177
88
-10
48
193
104
238
214
176
163
32
41
65
23
243
103
89
73
205
82
49
93
73
-3
-10
34
183
191
167
145
-5
49
68
218
213
112
119
68
4
32
-19
46
67
107
145
95
260
84
56
7
2
173
153
108
179
72
173
31
180
27
103
10
48
241
126
102
178
200
33
186
84
1
22
77
155
99
13
195
242
145
7
74
134
98
77
49
232
80
48
155
93
4
124
-17
125
144
28
10
21
171
213
133
201
51
-5
-12
137
86
147
54
193
169
64
152
8
86
119
142
28
48
84
201
224
5
239
99
61
26
112
82
159
205
197
141
192
88
18
107
119
196
11
228
82
96
229
138
197
97
124
104
173
255
191
43
26
146
70
87
-11
170
121
156
135
41
122
63
46
58
11
110
201
88
21
51
149
64
208
277
145
100
101
182
82
80
2
226
13
57
7
72
165
186
168
142
212
-4
25
96
142
74
16
138
-10
91
89
17
56
97
45
116
7
25
197
61
65
91
131
158
163
-4
58
58
40
21
209
233
102
46
21
102
156
64
42
233
71
102
215
145
27
80
197
94
45
67
75
185
160
44
-5
-1
61
134
163
168
25
3
194
110
158
230
41
118
96
-8
-8
131
162
134
156
42
41
35
230
181
121
28
178
68
242
77
65
182
71
122
81
235
-4
3
144
115
187
81
127
95
100
238
229
65
176
177
134
-9
240
212
46
24
18
11
102
86
68
185
152
127
18
91
33
182
159
167
57
96
75
156
117
148
56
123
9
210
141
95
44
16
9
18
3
68
37
94
154
213
145
189
130
66
220
57
168
67
191
84
72
228
82
94
125
-12
-16
126
19
18
183
14
148
80
210
149
78
72
135
94
91
215
201
159
153
-5
8
122
102
270
101
153
-8
0
116
151
181
139
64
37
72
26
168
133
196
128
18
-17
167
214
47
5
-5
103
119
98
-1
39
186
44
88
-3
174
50
104
212
134
57
92
60
35
64
134
145
93
143
86
36
25
51
185
141
70
33
5
102
201
157
6
121
154
117
42
6
180
211
158
179
166
164
75
28
192
111
42
42
219
185
139
15
41
128
19
176
41
197
134
167
78
85
48
166
146
266
217
64
110
19
145
183
54
38
184
73
128
18
197
313
72
81
144
186
156
82
217
86
47
8
103
182
21
32
56
57
50
138
17
225
178
83
151
9
91
160
18
74
164
74
190
131
178
85
158
215
54
207
11
152
23
65
59
129
72
137
227
183
27
74
159
-7
54
81
80
102
157
244
155
122
47
7
258
40
249
189
246
-3
74
3
162
57
93
5
224
131
203
58
206
37
76
184
104
94
153
211
13
177
-6
156
-15
65
39
148
-19
59
13
-8
211
177
31
163
18
211
34
199
115
23
197
2
181
199
145
139
210
101
109
194
119
231